’991999 9999999999.

ann-...⁸¹-

A.

69919999, 9919, 9999, 9199, 9999. 19. ι. 999999999959.

6699917899. 119911 (199 6041.

Aeacius 946, 9639, 9735, 9744. 6199199199991 6699 6736 6771 ,6776,

6919197671, 9397, 9411. , 6876.

Achilles 4064, 7977, Al. 1119999Ιί91. 4846, 4980, 5014,

6919991199 8030 8968. 5054, 5068, 5776. , ’

6911919 7669 8091, 8607, 9149. 61. 61999199 7880
γ9999.9.9.’9.9.9.9.9.·.ἶ 9999999...

66996691. 9 strategop 91199 8676, 93589440

Aemilianus 703, 7071 61 799999999ιί9 7577.

Aenus 8730. 61199199, Chaldaeae princeps 4877.

Aeschylus 6641. Alypsus 9597

6911991699 1415. ’.499709199’99999 7900.

681999 1970 Amanum 700.

6919199 7557 7636, 8600. 6999999 9788.

Africa 405, '9³8, 1847, 1511, 7989, Amastri· 7535.

3077.. 699599699636.

49999199 9776 10178. 69999999 99 Phry 117187, 7398.

Agamus 3146, 8154, 4667, 5971 Amphi 99695697.

Α5976, 6913, et 911 6999199919 3410
69999911069,1407,1450, 15877775, 69991995899, 10757.

7399, 7961, 7984, 3166. “ 69991991991046,1061, 1337, 1675, ’
ῗῖρὲἓῶοωοδιω 9999997133 7147. Δ9ΞΞΙ5ἰῖ199ἐὲ1ἐ Ἓξ. 833 mm

9 ns , . .
Alamanni 1199199999599991, 1199997999 '

6401, 6655, 6740. 7997998999 sss 99 77708906
6199999999 5940 6405. 6991919960716156, 6166, 10184.
619999899991070. Ancy 991917911119487. .
61991 5771. Andaga 119999 594 615.

Albani 7674, 7687. Andreas 9999991999 1794. spostolus
Albanum 9149 . 9565.

1619911173. ’ 4999991999699 9199 4915 4975. 09-
61899199 8097. maenus 4188, 4778, 4858, 4870,
Alexander, 1699999991 165, 91. 7677. 4881, 4895, 4974 ,49404948 4959,
1199991199Ἰ9 9191999199611, 9619. 4971, 4988. 4997} 5017 ,50375030
6199996999 762 766 5044’, 5055, 5109, 6141. Con·
6199199 Angelis 6770, 6771, 6867, 1999919999 ’,4780 4308, 6448.

7810, 7758. 09999 5155. Andronicus ’Georgii
11999199 1199999 5816 5849, 5854. 0199919999 fiatur 9061. 7199199999
Al. comnenus 8446 3450, 3457, 8468, -7985, 7994. Pslssologus 7475,

5177, 5710, 9911 9919, 9119, 9999. meusium
11. 099191199199999 6786. . episc. 9477.

 

