INDEX GRAMMfflcus.

m

qquq'qqngqlgqitur, 3309, 8309. ioqffiqqohsszfflssoffiffl, 1060,

’.16661166 3889. 11 6616611661 10383,
66611611166166 77691 61. 01666611- 616111666111166160819, 0639, 6833, 6780,
111116166161111611166. 6914.
66611616616161616676341 61, 116666· 6116 3133, 3733, 8088, 3730, 7183.
6661616,1111661161,1],Ῥ66161611161 6611111,
610106 6111610133. 611661616Πο 4031, 5359ss 1161,
1106111111 1060, 1661666666361661616666,τ616611616
6101611666616 1730. 666.
601661636101661666111661 1, q. 61 61666161611111611633, 768, 6367.
661616 6161 13311111 336, 1313, 8800, 6666116611 678, 731, 3983.
du 61, ο118833, 6677. 66666 616 06, 3311, 698, 896, 966,
6116167411ωῶαο116161111870111166111111109,1078,1318,1676,1669,
61 6110611166 6396. 1709, 11894, 1937, 111983, 3810,
6111161161611111161 11166167 7668. βακ1111611156ζο161111111611111 1111111
616116111661331113167, 1738, 6066. 6611611111 881419, 118111311613111111111 5611
616611661611161116 1398, 6416. 6011166111611ὅ901761116111111116111161111ξ,
111111161111116. 6111111161111111-
6166166111 616616 1883. 6166161166 616 6306.
61616661166 4700. 6616161οη6 6630.
6166661611 1161819, 1137, 3333 ,3860 6616166661μ6111666 61116061 6798.
... 6...
ay 6661166 ²! 66 6661·
66116661066166 31400. 6666 6333. 6616666661666 806,
..1.1... 1111 1061111111ὲὲ
116476 111 0661667601, 6161661ᾞ666166
1111116311.οΨ 11613111111111111111111
’.166166611616 3908. . 61616307. 66661166666166616810
61661666366611140, 66666161 6078, 81166166 1730,
devm& 11113, 61191111166611166 7969161161

 

