4‘66' 1111111111111.

11101111711116769801.16111111111111111111 16111 6464. ·
1111 ου’111811161,161,1118,411,821, 11116111111 4091.
684, 667, 641, 654, 662669, 846, 11810118 6844.
989, 996, 1014,1099,1877,1499,11’1112889.
11611111,111ο,1116,1111’,1111,1111111111
2016, 2037, 2331, 2764 ,8108 3242, ματαιολοι 161 3296.
‘ 6822, 3347, 3618, 3868, 6060 ,11116202 11111117 111 788, 926, 2063, 2740,
6270, 6768, 6800, 68114 44442866, 2974, 8466, 8819, 8881.

111111 150711111111111041 820, 929.
1111111011 1126111111111111 6064616617.

‘ 1111116111 418, 1645, 4142, 4616, 1111111111 28214

55⁰⁰· Μ11111111111161111 8667.
1111116111 8769. 11116110111 6624, 4126, 4694.

111111110011 602711111611111 8714, 4070.

1111116811 4796. 1111111116 6116161 20361111111161

11111110114111 ov 1996. 6287.

1· 11111... ··1111 66⁷⁶·

’6716414166 1111, 1111, 11111111, 1111111411 1111, 1111, 1111.
0790, m 040401212109802.μυσα111116275,

’9174411948Ἥ8117447 1717 ’1614914181 1111, 1111, 11111.
1111, 4111, ’1191411161111111 11111418711544·
6888, 6481. cf. 161111111111, 44414 94

1115144040· *⁸⁰² ’ammom 44176171417170409411111411

1111111111, ⁶⁶6 2033, 911111111111111 4662 μηνύειΔη-

1181111218 1.. 811111111111111
81111111111711 1111111 114111 9687. τινι Dm?

1111111166111 6640, 6446, 8787. 799944499μέ99 '⁰⁸5⁰ 9599
Romnum mm, mumqtoe 53021
1161111 6707. 24449446 ¹· 9· 79149996 9971 89591
111111111611828.9999·
1111111111 147, 477, 988102814111116 866, 1894, 2676, 2822, 2872,
111161111605, 681, 797 ,4867,8616, 2978, 8006, 8266, 8887, 8866 ,8684,
8967, 4467. 8647, 8928, 8927.
1111111111 26, 64, 119, 182, 144, 141111 2788, 6674.
176, 218, 280, 266, 400, 489, 479 1111111111 969, 1480, 1449, 9748,
608, 622, 689, 668, 816, 818. 9819, 9872.
11111111 84, 60, 169, 216, 217, 281, 6111111τεῖ1 7649.
κ”,424 ο’,608 616, 697, 610, 618, 668, 6111116111 10810.
. 806, 879, 901. 61161110116697.
. 11 11111 ta 7271. optativus ro indicativo 460, 647,
811101661111 2860. 1414,1 ,,2427 2664, 2676, 444860
nv 11161 1679. 6042, 7882, 7876.
1104111111 764, 9720. 6101111110 746.
1111111111 9607. 6101116111862.
1111161111 8167, 9641. 6106111111 626, 641,840,978, 1421,
1111111111 7906. 17644 2687, 2718.
1116111 7488, 7466. 81111 172, 862, 8878, 4666, 7969.
1711118916 111111616111111144484
110116111111.1.1101111116111-111112111111617914,9662.
111874011.1116111111,11111’1-1111611111 1628, 1868, 8271, 8766,
74944· 4798, 4819, 6662, 6699, 8160,
1116111111,1..11111161111176669. 10201.

 

